start=160.000000
video-aspect-override=1.739167
