start=3327.917000
fullscreen=no
video-aspect-override=0.000000
