start=2637.333000
fullscreen=no
aid=2
sid=2
video-aspect-override=0.000000
