start=2351.542000
fullscreen=no
sid=17
video-aspect-override=0.000000
