start=7328.699674
video-aspect-override=0.000000
